Bobot random, mse <= 0.1, epoch = 1
[ 0.31878173  0.0172554  -0.25925976 -0.23991235 -0.39935118  0.24614719
 -0.06788095]

[[-0.17822042  0.13746883 -0.01386842  0.22142712  0.07478337 -0.00491375]
 [-0.12044859  0.23214701 -0.3362675  -0.43726359  0.11109274 -0.47562642]
 [ 0.33263139 -0.31821568 -0.18494884 -0.06156503  0.12382986 -0.20555507]
 [-0.04008705 -0.30020839  0.10163734  0.11318979 -0.42377108  0.46923075]
 [-0.19551531  0.18418627 -0.36995768 -0.46093089 -0.23246392 -0.18650734]
 [ 0.04890559  0.46961745  0.44814131  0.10307112 -0.40134985 -0.4518998 ]
 [-0.10965556  0.3287786  -0.20925034 -0.35323998 -0.41449597  0.27496687]
 [-0.49060358  0.2069702   0.27965518 -0.13649133  0.37340534 -0.16570962]
 [-0.18702658  0.22966279  0.39496714 -0.37581756  0.26982975  0.27348428]]

Bobot random, mse <= 0.01, epoch = 1
[ 0.31878173  0.0172554  -0.25925976 -0.23991235 -0.39935118  0.24614719
 -0.06788095]

[[-0.17822042  0.13746883 -0.01386842  0.22142712  0.07478337 -0.00491375]
 [-0.12044859  0.23214701 -0.3362675  -0.43726359  0.11109274 -0.47562642]
 [ 0.33263139 -0.31821568 -0.18494884 -0.06156503  0.12382986 -0.20555507]
 [-0.04008705 -0.30020839  0.10163734  0.11318979 -0.42377108  0.46923075]
 [-0.19551531  0.18418627 -0.36995768 -0.46093089 -0.23246392 -0.18650734]
 [ 0.04890559  0.46961745  0.44814131  0.10307112 -0.40134985 -0.4518998 ]
 [-0.10965556  0.3287786  -0.20925034 -0.35323998 -0.41449597  0.27496687]
 [-0.49060358  0.2069702   0.27965518 -0.13649133  0.37340534 -0.16570962]
 [-0.18702658  0.22966279  0.39496714 -0.37581756  0.26982975  0.27348428]]

Bobot random, mse <= 0.001, epoch = 65
[-0.43336633 -0.29716236  0.36710573 -0.04082675 -2.34264906  2.45703136
  0.27032525]

[[-0.3607931   0.14187132 -0.17343173  0.23011563 -2.03941081 -1.44023916]
 [ 0.14273238  0.25689099 -0.13129379 -0.42789744  1.88087903  0.81136064]
 [ 0.41555587 -0.29113508 -0.11302903 -0.04954425  0.99871365  0.28904156]
 [ 0.12190316 -0.27783286  0.23615078  0.12216274  0.67102267  1.28089154]
 [-0.19420164  0.19289847 -0.39965039 -0.45373487 -0.84801824 -0.70799937]
 [ 0.1647491   0.48740164  0.52046207  0.11230205  0.08000451 -0.21852815]
 [ 0.01561933  0.34911882 -0.11547269 -0.34223193  0.33154378  0.74186004]
 [-0.26936349  0.23224953  0.46167529 -0.12680459  2.05790885  1.04416633]
 [-0.06219704  0.24429667  0.48174298 -0.36820271  0.76749839  0.66028133]]

Bobot random, mse <= 0.0001, epoch = 196
[-1.03313907 -0.53586216 -0.07886571 -0.25728173 -2.62371909  3.60526472
  1.18961827]

[[-0.38563336  0.13654265 -0.19066708  0.23251493 -2.24322664 -2.15146769]
 [ 0.18180303  0.27185184 -0.12049333 -0.4270326   2.52500208  2.01251499]
 [ 0.43257911 -0.28045429 -0.11338221 -0.04833981  1.38012702  0.91969609]
 [ 0.18398713 -0.25658684  0.24468815  0.12464363  1.39464541  2.15464278]
 [-0.26539949  0.17317591 -0.41345935 -0.45438697 -1.46459108 -1.57302233]
 [ 0.02639798  0.45452633  0.51333115  0.1085791  -0.65358545 -1.6112491 ]
 [-0.06181073  0.33423488 -0.1152941  -0.34447848  0.46037143  0.65790915]
 [-0.14850794  0.27247456  0.4755264  -0.12299493  3.74649831  3.68802975]
 [-0.13824162  0.22840066  0.48147037 -0.37034609  0.4734229   0.08896603]]

Bobot random + momentum, mse <= 0.1; mse <= 0.01, epoch = 1
[ 7.82472858e-01  4.52816947e-04 -3.29784035e-01 -3.92896560e-01
 -8.53186273e-01  4.92146396e-01 -1.25195116e-01]

[[-0.40257775  0.27523799  0.05425932  0.47519658  0.22082005 -0.00719798]
 [-0.23492071  0.46429439 -0.62707762 -0.85715966  0.28223889 -0.93860545]
 [ 0.64943878 -0.6360203  -0.30650429 -0.09815191  0.31362944 -0.40354086]
 [-0.08696029 -0.60031375  0.25449804  0.24738211 -0.7871705   0.94902591]
 [-0.40849009  0.36848094 -0.68887777 -0.90240475 -0.4119795  -0.36661105]
 [ 0.0899052   0.93922064  0.94702513  0.2259061  -0.74462255 -0.89371891]
 [-0.22750045  0.65770009 -0.35883832 -0.68270165 -0.764124    0.56012984]
 [-0.97936079  0.41400609  0.60814829 -0.25428455  0.80689886 -0.32009935]
 [-0.38155771  0.45939581  0.83762463 -0.73356381  0.59504819  0.55529073]]

Bobot random + momentum, mse <= 0.001, epoch = 28
[ 0.05489341 -0.89200439  0.2033464  -0.01439385 -2.82954052  2.57589252
 -0.51700232]

[[-1.20184159  0.09387248 -0.08427467  0.51652209 -2.34563071 -1.39279237]
 [-0.12665629  0.61891933 -0.58990152 -0.82359814  2.3784233   0.26588192]
 [ 0.497749   -0.53046301 -0.33333036 -0.05112258  1.55221931  0.10288035]
 [-0.18772346 -0.47095402  0.25897538  0.28270819  0.93033766  1.93918293]
 [-0.74626936  0.25770444 -0.7595903  -0.87448457 -1.72345512 -1.08444069]
 [-0.04956947  0.95944228  0.92299022  0.26002974 -0.23155241 -0.6624642 ]
 [-0.34560083  0.72291676 -0.3683029  -0.64096082  0.26715947  1.03725561]
 [-0.90284293  0.59380785  0.64304146 -0.21826365  3.16229239  0.95651303]
 [-0.4837041   0.49730396  0.82827444 -0.70397597  1.03978808  0.84314533]]

Bobot random + momentum, mse <= 0.0001, epoch = 89
[-0.52624836 -1.00050948 -0.27453213 -0.23720939 -2.97930002  3.8538378
  0.1727666 ]

[[-1.19178479e+00  2.28312192e-03 -8.80078981e-02  5.22269575e-01 -2.50317179e+00 -2.14024580e+00]
 [-1.25591904e-01  6.62121043e-01 -5.88753750e-01 -8.22303806e-01  2.86103287e+00  1.06146292e+00]
 [ 5.02304467e-01 -5.11147182e-01 -3.35316395e-01 -4.93285982e-02  1.69194893e+00 -1.25901135e-01]
 [-1.76023105e-01 -3.38139252e-01  2.63255547e-01  2.88259715e-01  1.97220335e+00  3.20851386e+00]
 [-7.49527224e-01  1.13148090e-01 -7.64206607e-01 -8.73664007e-01 -2.41171761e+00 -2.08368546e+00]
 [-5.64047988e-02  8.42658343e-01  9.18280488e-01  2.59072140e-01 -8.93496612e-01 -2.14328499e+00]
 [-3.48403213e-01  6.60058262e-01 -3.71656752e-01 -6.40846455e-01  3.65745291e-01  3.54671891e-01]
 [-8.88724261e-01  7.87858012e-01  6.47531288e-01 -2.13434653e-01  5.08703584e+00  3.14864710e+00]
 [-4.89577075e-01  3.98375898e-01  8.24354518e-01 -7.04902135e-01  2.79768396e-01 -3.85966157e-01]]

Bobot nguyen + momentum, mse <= 0.1; mse <= 0.01, epoch = 1
[ 0.79035759 -0.02139485 -0.3082997  -0.39531203 -0.82406145  0.50765626
 -0.12320343]

[[-0.66350108  0.4823816   0.01054887  0.80483183  0.31674336 -0.01686861]
 [-0.23765521  0.4642888  -0.62875923 -0.85173692  0.28087849 -0.93764791]
 [ 0.64916345 -0.63579546 -0.30831293 -0.09103006  0.31463187 -0.40330637]
 [-0.08887603 -0.60019717  0.25280321  0.25364789 -0.78698225  0.94984717]
 [-0.40889738  0.3686971  -0.69047871 -0.89644625 -0.41079358 -0.3663568 ]
 [ 0.08838776  0.93936526  0.94533835  0.23197702 -0.74414953 -0.89306841]
 [-0.22841278  0.65783924 -0.36064419 -0.67575045 -0.76337529  0.56069504]
 [-0.9813497   0.41404694  0.60650442 -0.24855177  0.8062124  -0.31931742]
 [-0.38269217  0.45949852  0.83614848 -0.72808024  0.59493052  0.55570731]]

Bobot nguyen + momentum, mse <= 0.001, epoch = 27
[ 0.24125635 -0.74774586  0.18256702  0.05065803 -2.88907338  2.47237791
 -0.45263248]

[[-1.4485732   0.37021427 -0.12435916  0.8460237  -2.25983826 -1.3164053 ]
 [-0.13908499  0.56666661 -0.59669778 -0.81378999  2.31779579  0.21347962]
 [ 0.49847733 -0.56230203 -0.33929173 -0.04158885  1.56970547  0.09998358]
 [-0.19272167 -0.51749227  0.25147681  0.29252418  0.86704516  1.86066157]
 [-0.75014571  0.301352   -0.75904882 -0.86868518 -1.72693254 -1.01054269]
 [-0.0580443   0.95565185  0.91932535  0.26806315 -0.2235331  -0.64629586]
 [-0.34893199  0.70474314 -0.37265887 -0.63059429  0.22217443  1.04259288]
 [-0.91049306  0.53184529  0.63520946 -0.20787988  3.08233399  0.88165214]
 [-0.48934611  0.48714539  0.82492404 -0.69605949  1.00087305  0.846517  ]]

Bobot nguyen + momentum, mse <= 0.0001, epoch = 90
[-0.28456484 -0.83277453 -0.31174222 -0.14496759 -3.0793858   3.80084894
  0.21912765]

[[-1.44939558  0.33633309 -0.12475044  0.8466301  -2.51048055 -2.13522802]
 [-0.13877902  0.59561614 -0.59562857 -0.81334496  2.87344721  1.03542899]
 [ 0.49823291 -0.54120951 -0.34132339 -0.041701    1.74301626 -0.0885295 ]
 [-0.19022962 -0.42508823  0.25770343  0.29408123  1.98229682  3.12635922]
 [-0.75311358  0.21517837 -0.76282017 -0.86904778 -2.43164416 -1.94891368]
 [-0.0607508   0.88584782  0.91365315  0.26731715 -0.88871906 -2.04729149]
 [-0.35005503  0.67700184 -0.37642477 -0.63087701  0.39183296  0.44071839]
 [-0.90697802  0.66484483  0.64087081 -0.20648966  5.19363644  3.08595973]
 [-0.49118634  0.43141092  0.8203609  -0.69654904  0.19467214 -0.34785735]]