prior_stress[i]
anxiety_prob[test_data_array[0][0]][i]
self_est_prob[test_data_array[0][1]][i]
mental_hlt_prob[test_data_array[0][2]][i]
depress_prob[test_data_array[0][3]][i]
headache_prob[test_data_array[0][4]][i]
blood_prs_prob[test_data_array[0][5]][i]
sleep_qly_prob[test_data_array[0][6]][i]
breath_prob[test_data_array[0][7]][i]
noise_lvl_prob[test_data_array[0][8]][i]
living_cond_prob[test_data_array[0][9]][i]
safety_prob[test_data_array[0][10]][i]
basic_need_prob[test_data_array[0][11]][i]
academic_prob[test_data_array[0][12]][i]
study_load_prob[test_data_array[0][13]][i]
ts_relation_prob[test_data_array[0][14]][i]
future_career_prob[test_data_array[0][15]][i]
social_prob[test_data_array[0][16]][i]
peer_prs_prob[test_data_array[0][17]][i]
extracurricular_prob[test_data_array[0][18]][i]
bullying_prob[test_data_array[0][19]][i]



[[ 0  5  0  7  4  1  3  1  1  4  4  3  1  1  1  0  1  3  1  1]
 [14 23  0 11  3  2  2  0  0  3  4  1  4  3  2  3  1  1  3  2]
 [20  0  0 21  2  1  3  0  0  1  3  1  4  1  1  0  0  0  1  2]
 [18  3  0 21  0  2  1  1  3  2  0  1  3  0  0  4  1  0  3  2]
 [19  6  0 20  4  1  2  4  0  1  3  4  3  3  0  3  0  0  1  1]
 [20 22  0 11  4  2  2  2  3  1  3  2  3  1  4  3  2  0  2  4]
 [ 3 13  0  0  0  2  3  2  4  1  0  2  1  0  3  2  1  3  3  1]
 [ 5 10  0 25  1  1  0  4  2  2  3  3  4  4  4  2  0  4  2  4]
 [ 2 13  0 21  2  2  0  4  0  3  0  4  0  2  0  4  2  0  2  4]
 [16  3  0  9  2  1  1  0  3  0  4  3  2  0  3  2  2  2  4  0]
 [17 20  0  5  2  1  0  2  3  3  3  3  3  3  3  1  0  3  2  0]
 [12  8  0 16  1  2  1  3  3  2  3  1  3  2  4  3  2  4  4  4]
 [ 1  5  0 14  0  2  3  2  3  0  0  3  2  4  2  2  2  1  0  0]
 [ 5 26  0  1  1  2  3  0  1  3  3  1  2  4  0  0  2  3  3  2]
 [ 6 24  0  0  2  2  3  4  2  0  0  2  2  2  0  3  0  4  3  1]
 [11  0  0 11  4  2  4  2  0  0  0  1  2  2  2  0  0  2  0  4]
 [ 9 29  0  8  0  1  1  1  4  2  1  1  4  0  1  4  1  2  0  2]
 [19 22  0 23  2  2  2  2  2  1  2  2  2  0  1  2  1  1  0  0]
 [ 4 23  0 13  3  1  1  0  0  1  2  3  0  2  3  2  0  1  2  1]
 [ 1 13  0 22  4  1  1  4  3  3  4  3  0  2  4  0  1  2  1  2]]

[[ 9  9  0 16  1  2  4  1  3  0  3  3  2  0  4  4  0  4  2  4]
 [19 12  0  7  2  2  2  0  4  0  4  1  4  2  1  3  0  1  4  4]
 [ 8 21  0 14  0  2  0  3  2  2  0  3  4  2  2  0  0  4  3  3]
 [ 3  2  0 25  2  2  4  3  1  1  2  2  4  2  0  2  1  2  1  0]
 [ 2 13  0  6  3  1  4  0  0  2  4  2  4  2  0  4  2  1  4  0]
 [17 13  0 18  2  2  3  0  0  4  4  0  3  3  1  4  1  1  0  2]
 [19  3  0  3  1  2  0  3  1  4  2  1  0  2  3  1  0  3  2  4]
 [20 13  0  0  0  1  1  4  4  3  1  1  4  4  3  2  1  1  1  3]
 [ 3  1  0  5  0  2  2  1  4  3  0  1  3  3  0  3  2  1  1  2]
 [ 4 27  0 17  0  1  0  0  3  1  4  1  0  2  3  1  1  1  0  3]
 [18  3  0  0  1  2  0  3  0  2  0  0  4  4  3  1  0  1  2  4]
 [15 13  0 11  1  2  3  4  3  1  1  4  0  1  0  3  0  0  1  0]
 [ 1 20  0 23  1  1  4  1  0  1  3  2  4  2  2  1  1  3  0  1]
 [ 5 24  0 18  3  2  1  2  4  0  1  3  2  1  0  0  2  1  2  4]
 [ 5  2  0 24  4  2  4  1  0  0  1  2  3  4  0  2  1  1  4  4]
 [ 6 10  0 15  3  2  2  1  1  1  4  4  4  1  4  0  1  4  4  3]
 [13 17  0  6  4  2  4  2  4  0  1  0  2  1  1  0  1  0  2  4]
 [16  6  0 11  1  2  1  3  3  3  0  1  0  2  1  0  0  1  3  4]
 [15 29  0 16  4  1  3  2  2  4  1  2  4  3  4  3  0  1  1  2]
 [16 11  0 25  3  1  1  0  0  2  1  0  3  1  2  2  1  4  2  3]]

[[ 8 21  0  9  3  2  0  3  2  0  4  0  3  0  0  0  1  0  1  3]
 [ 9 19  0 26  3  2  0  2  1  0  0  1  3  4  0  1  1  0  3  0]
 [ 3 29  0 24  3  2  0  4  2  0  3  2  1  0  4  3  0  1  3  0]
 [20 22  0 16  3  2  2  1  1  4  4  0  3  4  1  3  2  3  0  1]
 [ 6  2  0 21  4  1  3  3  4  3  3  3  2  2  3  4  1  4  1  3]
 [ 1 16  0 16  0  2  1  1  2  1  0  1  4  3  3  4  2  3  0  4]
 [20 25  0  2  2  1  0  0  4  1  3  3  0  0  3  3  2  2  4  3]
 [15 10  0  8  0  2  4  4  1  2  0  0  0  3  2  1  1  4  2  0]
 [15 23  0 23  2  2  1  2  2  1  2  1  4  0  4  0  0  2  4  2]
 [18 13  0 17  1  2  2  2  4  0  3  1  0  2  1  2  1  3  2  3]
 [ 5  8  0 17  0  2  4  3  3  0  3  0  2  2  0  3  2  0  1  3]
 [ 6 17  0 25  1  1  2  2  2  2  4  3  0  0  0  1  0  0  1  2]
 [ 8  1  0 15  0  2  1  0  1  0  3  0  3  4  4  4  1  4  4  2]
 [ 0 11  0 23  2  1  1  2  0  3  1  3  1  4  1  2  0  2  3  0]
 [ 7 26  0 14  1  1  3  1  1  0  3  1  2  2  2  0  1  1  0  1]
 [11  3  0  6  4  2  1  2  4  3  1  4  4  2  2  1  1  0  3  0]
 [ 7  7  0  3  0  2  3  0  0  1  0  2  2  2  2  3  2  3  4  0]
 [17 11  0  7  1  1  1  2  1  2  2  3  2  1  3  3  0  3  0  4]
 [15 20  0 25  2  1  2  4  0  4  1  1  1  4  4  4  2  0  3  0]
 [ 7 13  0  5  2  1  3  3  2  0  3  0  1  4  4  2  1  0  4  3]]

[[ 6 25  0  5  1  2  0  4  2  4  4  1  1  1  4  0  1  4  2  3]
 [ 8  6  0 13  1  2  4  0  0  3  0  2  1  1  3  4  2  1  4  4]
 [13  9  0  3  1  2  1  2  1  1  4  4  2  2  3  4  2  1  3  4]
 [ 7  9  0  5  4  1  4  4  2  4  3  3  4  3  4  3  1  3  0  3]
 [10  9  0 21  4  2  1  0  0  0  0  0  3  3  0  1  0  0  2  2]
 [ 3 19  0 12  1  1  1  2  2  2  3  1  0  1  3  1  0  4  4  1]
 [11  6  0 19  4  2  2  3  4  1  2  2  4  3  1  2  0  3  2  2]
 [11  4  0 11  4  1  1  4  2  4  1  0  3  1  0  3  1  2  0  3]
 [14 15  0 19  3  2  1  2  4  0  0  0  4  4  0  2  2  2  2  4]
 [16 20  0 25  3  2  0  3  1  1  1  1  4  0  0  0  2  3  3  0]
 [ 0 10  0 26  2  2  4  1  2  1  4  1  1  3  4  1  0  3  3  2]
 [14 20  0  4  3  1  1  2  4  0  1  1  3  4  0  2  2  2  2  3]
 [10  2  0  7  1  2  1  2  0  2  0  1  4  3  3  2  0  0  4  4]
 [14 29  0  8  4  2  4  3  3  3  0  4  0  3  3  3  1  1  2  3]
 [ 6 21  0  3  2  1  3  0  0  0  4  3  3  1  0  4  0  0  1  1]
 [ 4  5  0 13  4  2  1  2  3  4  3  0  3  2  4  3  1  4  2  2]
 [12  4  0 13  1  2  4  4  1  0  4  3  0  4  0  4  2  0  4  3]
 [15  8  0  1  0  1  1  3  3  3  2  3  1  1  2  3  0  1  2  3]
 [13 20  0 10  1  2  2  0  2  2  4  3  3  3  1  4  1  4  1  1]
 [ 4 17  0  1  4  2  2  4  1  1  0  2  4  1  2  4  1  0  3  4]]